-0,0652409913296997
0,592616838108204
-0,975107532926063
1,59834370782376
0,790571755534333
-2,79460506866238
0,721576379719326
1,92438548444102
-0,580488946361921
-0,164867223358847
-0,740821263164053
1,38791278943516
-0,597133765752598
0,658436890456515
0,770811872352321
-2,52634735279811
1,2214472371758
1,09884949375879
0,158759860593051
-0,0849759151108467
0,273548517210499
1,62975559505172
-1,22026024732252
1,57617592718518
1,29437040956099
-0,190683505882388
0,1817822864887
1,11562058392325
-2,05876622324152
0,216163523533509
3,16411780925068
2,9288617822972
-1,6398536148688
1,32193134206412
-0,424257979077781
0,809887758483768
-0,901829075535853
0,737833922174497
-3,30197964978634
0,449168573648205
1,65688119832396
3,35104153803313
-3,7215498526508
-0,180025666036933
1,63809427971144
-1,39375349863695
-0,273975541812683
0,468188470230331
-3,69328037715736
-0,253497272125297
0,628790556748446
1,03677357631318
-1,04000448438571
2,20924153693307
1,44858367565966
-1,7816785371663
1,03508963740606
1,46322152848564
-1,45040636464324
-0,859530599298326
0,687718564203506
1,04836079676382
-1,26852252122597
0,738795982360412
0,26331122786082
1,70286108685826
-0,98483840839217
-0,616306406327318
-0,773271953502512
0,687583674510553
0,58864752184071
-0,538410189346601
-0,247776674687758
-0,56432797087558
0,118864541463025
0,913833728020002
0,398746315109891
0,170023036734212
0,570298684560833
-0,367378947961786
-2,83686345304078
-1,11802954550114
-0,0491905882274366
0,0878220777835542
1,10905976220074
-1,26738978091227
1,89569364886122
0,774580993659205
-0,241079623813131
0,573171776152871
1,65464607920761
-0,142858545914737
3,96881172695801
0,753975607689358
-3,00855646619996
3,26241992023102
3,50379388855957
-5,22417439536253
1,36615821008959
1,47277568943017
-0,322345120344147
1,08374076991533
-1,46776303913306
2,03173375057818
0,941617186476639
0,486503150244845
-0,133396313797977
1,19361007931892
-2,05099424508312
-0,121721441976543
0,865426770348766
-0,522135120594006
0,565895835666869
0,729896390684832
-0,85641068865378
-0,288442552689669
0,499176841927309
-0,733978512573046
0,502667977243042
-0,352313569445309
-0,594439026710782
-0,669723447258455
0,0749149234382971
0,353934672360278
0,107299088084744
0,793985294082195
0,451451548119752
-0,0498187798307365
-0,679302438944253
-0,116383228039547
0,918417437895396
0,0111295948788195
-0,688837003749254
-0,881145921480444
-0,557641269433145
0,170107810371606
0,781773061389929
-0,455474422991031
-0,910036106552014
0,214354164532551
0,871467499232887
-0,82795984616527
4,76294963323609
0,414393279259011
0,798346637016649
2,63923409073499
2,92140271734125
-4,2774821069256
2,70811101483511
1,15883155498635
0,223463485759726
1,90927563928514
-1,51052095821117
0,648610351175844
1,46658025922231
1,39999933762712
1,18051791318183
0,993017343443288
-2,2922208372965
-0,625824348423529
4,66725481427077
-1,26747140072455
-0,0346147367613409
-0,335226747490307
-7,88957926574594
5,2023899900383
-5,01177446797625
2,23425222445352
4,09032737642261
0,809755945039842
4,10200116696325
-1,87766969854652
-1,31222430730817
-1,89152067627937
-8,53812273286253
4,8165835913925
-3,84048914176984
0,876603238361212
4,18306283369973
0,565481865126459
4,7374356830334
-2,66111128719423
-0,196553474914607
-1,26255394869245
-9,05465415583732
4,53711544976638
-5,05229549924072
0,887199853628476
3,87576016207219
0,418647405902261
-0,606715805651483
-8,79050607709737
1,07218642202562
1,02877026492905
-0,360481679069342
-4,57005821571641
3,81346155676556
4,80783847863878
-0,197187440946321
1,57351010632433
-0,301217657947223
0,961605471531794
-0,40276548946836
1,1224080340693
0,894329261308099
1,32143323155423
0,904910112011053
0,0158802840149622
-1,23212241597433
-0,775366758419818
1,4485828389092
-2,68841912607774
-2,33895635322281
-0,55701725645222
-1,28761574608978
2,28987553002578
0,00843633199830881
2,68411152517629
-0,200550641504743
1,49446767276968
1,65470060312052
-4,36125886807839
-2,15838391415362
-1,60964305835648
-0,817013409531121
1,68783048730521
0,632438804786512
2,96075386740317
-1,32861485721333
0,616187240397259
2,91167202442651
-4,23766575742991
-2,11596387238647
-2,05389901873729
-1,93151447283059
1,7495414401151
-0,0861793398294355
2,75448203449826
-1,45396463315973
0,736995755219928
-0,476456237482873
-1,2354841210172
4,32355333361011
-0,0755512832850425
-1,11494051547906
3,86275298535881
2,70713852462308
-5,25798682319738
1,25097048462829
0,150902308575501
0,525352544346186
1,43263997061005
-0,596560639301281
0,492408666315779
-0,122725112117318
-2,42402596552876
0,198477862354181
3,09249597393506
-0,961867582395545
1,04175182678572
-1,00802546857424
0,434565515951791
-1,32065210826081
0,796110069224159
0,526974905546698
1,44040977334692
-0,116190749809417
-1,45312097233713
-0,524725720825424
-1,26444002364458
0,145322892416885
0,66636400281748
-0,907261281231074
0,330935715386148
-0,51208732720096
0,198570401965906
0,513819453080101
0,878493721540316
-0,355209704188262
-0,969291861154741
-3,36255299738888
-0,946226910186067
1,22084263327262
0,0694946657111582
1,86558016244118
-2,20510675990441
0,520321812007127
-0,556674280890287
1,61361710077487
-1,25976635953121
2,33353339177181
-1,33045072777533
3,71563890066953
-0,775315046919607
-2,45938574934309
5,39969770500489
3,4139090887003
-2,88274729527628
2,20897428104383
2,11700269450067
0,658263756219081
-0,432464372137947
-0,987416051482211
1,76619551438859
0,73619171389759
-2,08942879129483
1,64510222773169
1,92464044986455
-1,95312952889436
0,482580160134212
-1,09574877582276
-5,26575777301667
4,21169570081741
2,87431174312061
1,95390626260979
-5,3949874550712
-4,68745125088797
-3,47479775656261
3,95925315179713
-5,21195237626946
-1,02692108268354
-3,64478725018237
3,28358657847326
3,21353119603152
1,84638900478033
-3,31882329220581
-5,14303496418611
-6,31369607121222
3,84156068229427
-5,81631278208762
2,14756770962385
-4,29434165259813
3,58675243838336
2,36682276977244
0,830265354638324
-1,70463308655462
-4,49830817407963
-5,50214735355307
2,1718437014721
-4,15553681943182
1,12643056429773
2,81482531517176
-2,76402001229385
0,0727238105309383
0,994251351235504
0,689023481829155
0,182528827642281
2,35754835045337
-3,80519900924208
1,19884533486087
-0,546547124605657
-4,94201493782524
-1,51251763222503
1,18183372071035
2,49722453251339
-5,31149762185376
-1,95114919072911
5,64542804312705
-4,77336257590379
-0,167617218836157
-4,75868464767587
3,68677992846412
-5,45905978790441
2,25947583872133
-1,65497879895696
-3,64547608599789
-2,55243513623586
-2,24415486883664
-9,61535876545882
-0,661515352475192
-7,08372602322409
2,72584411706347
7,03608659071257
-7,99303714802824
-0,153620809946325
-3,94479626286629
-5,65877650396408
1,20953381815658
1,87163255406786
3,88682163861939
-3,49740389367825
3,813826848147
-6,1368476900621
-4,06778385463859
4,74256616499675
3,36508062771652
-5,82970637008807
-1,77780992589344
-9,23455574950938
3,40532069616286
-2,00427533325713
-3,23586449487399
-3,83424958730771
0,376027592980452
-1,29808223545859
-2,39973386380267
-1,96766904472013
-2,27626009396424
-1,35182699764631
5,52129211265897
1,25417820300198
1,8276621675156
-2,3464548059531
1,78647544617379
0,557371027884125
0,362690393686085
-0,629444484170885
-0,38782286651246
-0,958509745246435
-0,356951673743719
7,1558476780434
3,70270726299352
-1,11219707997934
10,8578729961684
-12,1640718360964
