0,875658434723311
-0,346278755926787
0,316469034027482
-0,567983460079367
0,0260250605249063
-1,46066552745506
0,258296465559539
0,781852103539368
-1,2981481456497
0,471595519626592
-0,376098094252019
0,899587055315872
-1,28704024103057
-0,456649707976528
0,100454964670295
-0,00829534230504965
0,433335415227498
-0,0611468243123038
-0,86265578355117
1,12377140462414
1,34265260185963
0,746984559252678
0,71534958053862
0,443869931920677
0,613675089279709
-1,88851160797905
1,98032173282446
0,295945142748864
-1,92368104217119
0,131461876718904
0,940826125604584
1,54129704748367
0,23605276874672
0,304173756806914
0,316118950052624
-1,29542012412258
1,05713690931651
-0,222116848030864
-0,859541412894885
-0,263985556337568
2,40924259828682
1,26060754971849
0,124260371224713
-1,96320097357503
-0,105303535463062
-2,29694574179498
1,633535137993
-0,304095457437049
-2,85754557719143
-1,1811381004103
-0,23748653350005
-0,138186338261918
-0,475132989287017
-0,127979672707103
0,707817038799282
-1,66931573656186
0,617501414606585
1,1768347983715
-1,81191605142226
1,63187430800332
2,50349306253396
0,932850054067446
-0,393531553751992
0,444231506402513
-0,0866022436770522
-1,18361770060934
0,739984660834176
0,0940270278756253
0,00172435541697094
-1,35226678489291
-0,197354464417954
-0,861957680369708
0,696892279990433
0,371264787098051
0,723717659583184
-0,280553239994009
-0,0365388351662731
0,276059019042207
0,52940429445794
-0,485081158338618
-0,194727076452871
-1,03074719901881
-0,73956221265589
-1,06146480909372
0,738836972412399
-1,25053561525757
0,798325587734695
0,779848467144918
-0,201783306522896
0,777509365004677
-1,64217890950046
-1,76515947643308
0,442620892890978
2,20256176627699
-0,752351373492481
3,86094567201844
-1,94967142207058
0,765645204152436
3,23606559762519
2,8897460538349
1,39199281087497
1,05806743661626
-1,08522865687973
-0,466627668716
1,17069927974145
-2,34792244511312
2,22218649986266
1,34974753941038
-2,60389309688958
-0,747979419441056
0,15119603888653
0,357335142492007
-0,696921392202806
0,554307219364823
0,511119199689068
-0,389006119868255
0,336614959564346
-0,513452983234754
0,612036297848465
0,4617435724762
-0,886795226431822
0,297581921004496
-0,273456867445939
-0,666753122427852
0,544660862323205
0,662096375442155
0,896082538131663
-0,213988773158746
0,149182936711788
0,84924414094968
0,858517577805797
0,0191621291540387
0,282313829885011
-0,805651866740385
-0,70739884381527
-0,505153607346655
-0,380714140544047
0,676374853437941
-0,830144102606058
-0,383266414228485
-2,62648834080327
-2,39788296794003
1,09694935650714
1,9921739884581
0,0192398120187055
0,552542515290377
-0,975080887439181
-0,0555087837402011
1,63065295906482
3,38737214716034
1,70753368446747
-0,548312752038094
-0,947825870873793
-0,802070103868568
0,456352047275656
-1,95633607323329
2,33637323294562
1,76380286935068
-1,4457965258287
-1,41551056921377
0,620494529015586
-2,57247221583488
-0,208425049342793
2,2575031006297
-4,93285376994512
2,13689391701953
-3,58724433792946
-0,567177888996442
5,39249609427648
1,29370765694919
1,97513569523072
-1,26625337131951
-0,190108737572526
2,93736333520685
-4,67808393420537
2,76534610192224
-3,54435309257415
1,18262216710616
6,05931786681965
1,74159932650564
0,808053497654382
-1,71806350144806
0,879449516437311
3,48015558958717
-4,7045840046853
3,48899541965788
-2,97536625921364
0,0744038496699954
5,10328677672586
1,64530024162604
-2,45426418748391
-5,70415576494149
0,510853672475754
-0,53092736707138
-0,737303019030575
-0,168514260742617
-0,103232499965188
0,889677962859851
-2,48718293478635
3,30602478775676
1,17515019852235
-0,193954839667925
0,145857890248697
-0,950582674125174
0,853880609224235
-2,00345338476269
1,13984505747402
1,23914982085182
-1,57446375101852
-1,22824752087261
2,21859643725515
-0,0267780598786311
1,82789626107235
1,78144167966615
-1,16314689260422
-0,586236855395189
1,57615954888591
0,329044472000975
-0,390188360984037
1,11196891743795
2,85690774915498
-0,0977576513707195
1,03104475145059
1,81666363821548
-0,836977678240935
-0,780838498385023
1,91503610285484
-0,0102979025116441
-0,378609275837224
1,08103750704384
3,11791545404857
-0,16878107835377
-0,031555232110545
1,57866567035482
-1,15393391069042
-1,91898798856366
2,39087113770016
0,57152495781396
0,524469760275219
-0,0532443578741261
-1,32390189461182
-2,40066228130446
1,47347624234843
1,63529283917873
0,17556295537254
2,31698460978238
-0,987963893108932
-0,248188394864616
0,677168336790534
2,32731402975387
0,895073241580442
-0,914817168065685
1,12344454370864
-1,03674094189847
-1,03332470544567
-1,51355368906107
2,16589471556231
1,30956220005367
-1,4263571931057
0,461818215649204
1,64763666483663
0,922939860213304
-1,22203911750239
0,514652572857056
0,850599048489565
-0,133614640833396
0,83082059029317
-0,598024042546913
-1,33444980227653
-1,41249563915101
0,646153401418661
0,965011561273137
-0,158435175734775
-0,429710233318484
-0,827463962057356
-0,904804847158866
0,768512850519508
-0,374897723726415
0,332798486264794
0,930707155694583
-1,26257485142378
-0,79944742756139
0,134049043034488
-1,49663982646351
1,26255042114866
-0,692001108210487
0,802283733392805
0,890105373505777
-1,03007872179913
-0,431809425955506
-1,57494432429789
-2,88910107856423
1,15280810232577
3,61877764369856
-1,01924830920409
3,36581621775964
-1,19270417009748
1,18457992334252
2,84517030024684
2,99392168372122
0,61589200598056
-0,661536186503921
-0,64168180465512
-0,129970768015981
-0,955998867723002
-1,35726645378044
2,02588757258824
1,06733659580905
-2,02082026051177
0,808828962409037
-4,59101171599875
0,29878786210092
-3,9853064154951
-2,17092474744379
1,58297587703947
1,72513274714238
-3,45686078978334
1,08565769946424
1,13711550112241
0,925435789039927
-4,26697633351452
1,05190765150276
-3,27902647418419
-1,33746952016076
1,55266611039429
1,67486180452528
-3,04009384420228
0,661867726416629
1,2501462909996
-1,8009501518797
-2,68799581262302
2,06707656110997
-3,0181718334655
-1,67333561033019
0,613712253983525
3,24526803104026
-4,3023246902913
0,233258876241539
1,96075413069986
-0,0451315326658259
3,61560091903792
-0,323057799030796
1,8496091550191
-1,79291688694396
0,604217209550983
-2,03557272849389
1,75693507693874
1,762767770519
-3,30306723326818
-1,3851525174771
-2,38735214480617
-6,87195238091484
1,4798777747198
-1,25361064393161
2,9187255093647
-4,57655224790689
-4,98919855428976
3,36183877360882
-3,34335509835638
-2,45759261173873
-2,37158391114787
-4,20007706460253
-1,99332689552928
-2,31029680840693
4,69133537762149
-5,87481427854124
-4,70405923711031
-1,52942459139339
1,86071913396991
2,05005474410045
-5,76257803866767
0,958151978887458
0,779557955905455
-4,83473145226501
-1,91370497850976
-3,64931408505982
-2,74817187785224
-3,38490106074848
1,87513134360507
-2,52820572604092
-4,08926985972241
-2,42881335246665
0,0941264191050757
-6,2595180637408
1,43617754223554
-6,98892339493058
-5,67086136781759
-3,48137411856692
-4,34435860641279
-0,383498993547658
-4,45599784511869
-5,42177833786291
-2,38864435256366
2,41776027280098
-2,27070052959046
-4,5632701674215
-3,79876150942503
-5,56406229574132
-1,74508646783571
0,635639289496011
1,29727256828585
0,249202486037196
-0,21004207717024
-0,921308214183268
0,082783459165238
-1,79252588427495
2,18054857813743
0,375227556953901
-2,52610444027589
-0,180512114298872
17,6866350694292
14,3468979305611
2,73012213911852
4,84872201258321
-6,83395029788764
